%dye efficiency

c_DNA=0.265./ (246800*0.1)
c_Cy3=0.147./(136000*0.1)
c_Cy5=0.251./(250000*0.1)